1
11
16,1
17,1
26
20
31
18,1
33,16,1
8,33,16,1
2,33,16,1
8,16,1
8,16,1,16
30,33,16,1
8,1
2,1
2
8
6
5
7
3
9
4
29
28
16
13
27
12
21
19
4,16,1
7,16
8,2
2,8
2,5
1,5
8,5
1,7
2,7
1,8
6,5
6,1
3,6
3,1
1,6
2,27
2,20
17,5
5,20
2,28
3,15
2,13
1,20
15,1
8,1 
2,11
18,8
8,11
2,12
10,8
17,8
17,2
16,2
12,5
16,22
17,11
20,20
17,20
18,22
18,11
17,26
18,12
17,12
16,26
13,20
17,22
22,26
16,2,32
16,1,32
17,2,32
17,1,32
32
8,8,1
8,1,6
8,1,5
2,1,5
2,8,1
8,1,7
8,1,1
1,8,1
3,1,6
8,1,11
8,8,11
1,17,5
2,1,28
17,1,6
8,1,27
16,1,5
17,8,1
2,11,5
17,1,5
2,5,20
2,1,11
8,1,20
18,1,5
2,17,5
2,1,20
18,8,1
8,11,1
2,8,11
16,2,8
17,1,8
2,17,7
8,2,20
16,2,1
2,10,8
15,2,8
1,17,20
16,1,20
17,8,27
17,8,20
22,17,1
16,1,28
2,17,28
7,16,20
17,5,20
1,16,11
1,17,26
15,2,20
1,17,15
18,11,1
1,17,11
17,1,20
16,2,12
16,2,11
17,8,11
18,13,7
11,17,1
2,17,11
17,16,1
18,16,1
17,13,20
11,16,20
11,17,20
8,8,1,5
2,8,1,5
6,2,8,1
2,1,17,7
17,8,1,5
2,1,17,5
8,16,1,5
2,8,16,1
8,1,17,5
16,2,1,5
2,8,11,1
16,2,1,8
17,1,8,1
8,1,17,7
8,1,13,7
16,2,8,1
15,2,1,8
8,16,1,11
8,15,5,20
11,15,2,5
8,1,11,20
8,1,17,28
8,16,1,27
2,1,17,20
17,8,1,27
16,1,11,5
17,1,17,5
2,1,17,28
2,1,16,11
18,8,16,1
15,2,17,5
8,16,1,20
17,8,13,5
8,17,1,20
2,11,16,1
1,11,17,1
16,2,8,11
17,8,11,1
8,1,13,20
11,15,2,7
2,1,17,11
8,8,10,26
11,16,1,7
17,8,16,1
3,11,17,13
1,16,20,20
11,17,10,2
17,7,16,20
16,1,16,20
17,1,16,11
17,1,20,20
16,21,11,1
11,1,16,20
17,1,20,11
2,8,8,1,5
2,8,16,1,5
8,8,16,1,5
2,17,1,8,1
8,1,15,16,1
2,8,16,1,11
2,8,16,1,28
15,2,1,17,5
8,16,1,5,20
16,2,8,11,1
2,11,16,1,7
11,17,10,2,5
17,8,16,1,11
16,2,11,15,7
16,2,11,17,1
8,1,20,17,20
18,8,16,1,11
30,15,1,17,28
1,16,11,17,26
17,1,20,17,20
17,16,1,16,20
2,8,16,1,11,5
16,2,11,16,1,7
16,1,11,20,17,5
16,1,11,20,17,20
8,16,1,11,20,17,20
16,1,16,11
2,8,16,1,16,11
2,8,17,8,11,17,1
2,8,11,17,1
16,1,1,11
16,1,11
2,8,16,1,1,11
17,1,11
2,8,17,1,11
17,1,17,11
16,1,16,11,1
2,8,16,1,16,11,1
17,8,11
17,8,17,11
17,8,17,16,11
17,8,11,17,1
16,8,11
2,8,16,1,11
2,8,16,1,11,1
16,1,11,1
2,8,11,17,1
16,2,8,16,1,11
16,2,8,11,17,1
16,2,1,16,11
16,2,1,11
16,2,8,16,1,16,11
17,8,16,1,16,11
16,2,1,17,11
17,8,16,1
17,8,16,1,11
17,3
16,2,3
16,2,8,16,1
17,8,16,1,16,11,17,1
16,2,8,16,1,16,11,17,1
17,8,16,1,11,18,1
16,2,8,16,1,11,1
16,2,8,16,1,11,18,1
2,3
16,1,16,11,17,1
2,8,16,1,16,11,17,1
16,1,11,18,1
2,8,16,1,11,18,1
16,1,11,17,1
2,8,16,1,11,17,1
8,16,1,11,17,1
8,16,1,11,1
8,16,1,16,11,17,1
17,8,16,1,16,11,1
16,2,8,16,1,16,11,1
18,1
18,8,1
18,8,1,11
18,1,11
18,8,16,1,11
18,8,16,1,11,1