37,11,11
26
20,14
14
36,36,20,11
37,36,20,11
11
20,11
36,11
37,11
36,11,20
3,1,2
21,33
20,33,11
11,20
9,20
8,7
36,42
36,20,11,26
36,4,20,11
36,20,11,31
36,20,11,20
36,11,31
36,11,26
14,11,20
37,22
11,21,16
37,14
42
39
35
33
31
24
23
22
20
17
16
15
13
10
3
36,11,21,26
21,11
36,11,11
36,
3,37,12,22
26,6,21,8,7
26,5
26,10
24,31
23,39
22,39
21,8,2
21,4,20,11
21,37,11,13
21,31
21,24,12
21,24
21,23,9,20
21,22
21,20,11,22
21,18,2
21,17,2,9
21,17,12,9
21,16,21,16
21,16
21,13,11
21,12,9
21,12,11,20
21,12,11
21,11,22
21,11,21,31
21,11,20,3,1,4
21,11,20,13,1,4
21,11,20,13
21,11,13,21,11
21,11,13,11
21,11,13
21,11
20,33
20,14,24
20,14,22
20,14,13,21,11
20,14,13,20,11,26
20,14,13,11
20,14,13
20,14,11,20,3,1,4
20,14,11,20,13
20,14,11,13,21,11
20,14,11,13,21
20,14,11,13,11
20,14,11,13
20,14,11
20,11,20,13
18,2
15,1,7
14,31
14,26
14,22
14,13,21,11
14,13,20,11,26
14,13,11
14,13
14,11,31
14,11,20,3,1,4
14,11,20,13
14,11,13,21,11
14,11,13,11
14,11,13
14,11,11,26
14,11
13,21,11
13,20,11,26
13,20
11,37
11,26
11,13
21,36,37,11
