75,4,22,9,0,1,2,3
75,4,9,0,1,2,3
75,9,1,2
75,9,0,1,2
75,9,0,2
75,2,3
4,22,76
75,1,2,3
0,4,9,32
75,1,2
4,63,66
75,68,13,28
74,4,12,65,63,7
74,4,12,65
74,32,40
75,4,12,65,63,7
75,4,12,65
75,4,31
12,14,24,28
74,4,22,34,84
86,11,13,20
74,4,22,34,15
12,4,22,34,15,1,52
74,4,22
20,24
1,2
74,5,4
0,9,24,8
12,11,2,8
4,1,2,58
72
59,4,37,0,2
80,4
12,4
12,20
81,4
75,47
75,14
0,9,2
4,22,34,0,2
4,22,34,84,0,2
0,4,31
106
24
55
0,2,23
105,12,13
105,12,29
75,11,13
0,4,22,92
74,4,22,34,9,2
46,22
0,102
0,1,52
0,1,2
0,2,65
4,1,2,15
86,14
86,29
2,3
52,28
11,6
59,52,28
22
11,13
22,34,0,2
19
0,4,22
0,1,52
17,22
13,19
63,2
80,75,4
75,9,24,8
12,24,11,13,28
12,22,34,9,1,52
74,22,34,24
28
80
82
75,4
86
79
14
0,47
4,12,42
12,55
22,55,63,24
11,13,21,12,28
74,28,31
86,24
91,5,24
5,4
75,2
12,11,24
0,1,2,3
0,1,2
0,2,3
0,2
18
75,24,17,12,23
111,112
75,52,3
10
89
110
59,2
0,4,12,65,63,7
4,22,34,12,24,13
0,4,12,65
4,12,65
74,16,62,92
62,6
12,24,4,28
1,52
74,4
43,28
43,13
44
45
12,16
16
50
0,46
4
17
74,4,22,34,9,24
75,32,23,12,73
0,32,23,12,73
75,8,23
12,13,41
12,13,63,58
12,29,40
86,11,13,22
86,29,15
86,29,28
86,29,23
86,29,23,18
22,80,59,4
22,34,0,2
19
23
55,12,2
5,52
43,28
4,43
12,96
12,5,52
12,29,107
108
107
96
0,4,15
11,89
12,14,24
12,5,24
5,2,13,22
4,22,34,28
0,52
11,29,20
86,11,13,20
12,29,20
4,12,9,2
0,9,2
74,4,22,34,28
74,4,22,34,84,12,27
74,4,22,34,84,31
4,22,34,84,28
63,104
104
75,9,2
0,1,52
5,24
75,69,8
56
0,4,22,92
0,1,4,15
0,24,13
0,4,28,96
12,14,15
14,4,38
75,16
16,12,23
12,5,2
0,1,4,22
0,2,13,22
0,46,22
74,16,22,92
74,28,92
75,15
88,12,28
74,28
11,13,28
75,52,28
22,100
12,55,63,2
101
75,4,22
75,52
75,8
2,23
15,23
75,95,28
97,96
12,15
12,24
12,2
0,2,6
12,28
13,23
16,22
4,92
75,4,15
86,13,22
10,7,28
12,41
10,85
32,23,12,73
0,8,23
75,51,23
0,51,23
0,8
74,28,79,23
4,12,24,27
12,24,27
28,27,5,4
11,13
103,0,2
2,15
28,29,5,4
9,74,28
4,77,2
15
75,11,13
75,29,18
13,63,28
70
75,13,8,28
63,18,28
75,4,28,18
0,2,29,28
62
75,29
15,24
12,14,8,23,18
14,13
10,55
12,13,8,23,18
55,23,18
59,4
55
59,52
10,13
59
52
59,28,96
11,13,62
62,13,22
22,13,62
13,22,18
29,23,12,73
10,13,12,28
74,29,9,24,10
0,24,11,13,22,18
74,11,13
22,10,13
22,34,2
14,15
12,98,2
24
74,29
2,13
11,29
12,99,2
12,2,15
1,2
51
11,13,9,15
11,13,9,23
10,13,22,15
11,13,15
10,28,18
12,29,15
29,23,18
11,13,9
10,11,13,22
11,13,22
22,10,62
5,7
59,28,96,0,2
74,55
29
12,58
58
10,13,28
10,29,28
12,70,28
29,28
13,12,28
74,28
16,87
59,51
80,81,28
12,11,28
11,13,12,41
10,13,12,41
12,23
63,13,12,28
11,13,12,28
13,22
0,14
13,22,15
13
62,13
10,29
10,28
12,29,23,18
43,67,59,52
11,29,13,22
11,68,13,22
12,71,63,28
43,67,59,2
11,13,22,18,3
10,11,29,60
11,13,22,18
13,37,0,4
59,9,0,24,17,22
59,29
22
11,29,23
21,12,22
21,12,23
21,12,28
10,18,16
21,22
29,15
29,18
10,21
12,13,22
74,16,22,8
12,11,13
66,22
59,9,0,52,3
59,9,0,2,3
59,4,9,52,33
59,9,0,2,8
59,9,0,24,8
59,9,0,2,23
59,9,0,2
59,9,0,28
59,9,0,52
59,9,0,4
59,9,0,1,2,3
59,9,0,1,2
59,1,2
59,1,2,3
53
0,1,4
20
18,3
10,11,13
15,22
0,4,22
12,4,22
29,23,15
12,29,23
12,28,20
10,13,22,64,0,1,4
12,29,23,15
9,0,4,22
10,13,22
12,13,8
65
22,34,59,4,0,2
10,22,64,0,1,4
10,11,13,28
11,13,15,20
12,13,23
12,21,63,23
12,21,63,28
59,11,13,28
10,13,8
0,4,83,23
12,21,62
59,29,15
0,2,15
59,4,22
12,21
12,29
28,20
29,23
22,10
11,13,9,20
0,24,11,15
12,21,22
1,4,22
0,95,89
4,22
12,13
12,9,0,1,2,3
12,9,0,2,3
12,9,0,1,2
12,9,0,1,52
12,9,0,2
12,9,0,52
0,2,23
0,52,23
26,2,23
0,1,2,23
12,9,0,1,2,23
12,9,0,2,23
0,52,3
0,2,56,23
0,52,56,23
26,2,56,23
0,1,2,56,23
12,9,0,1,2,56,23
12,9,0,2,56,23
0,24,29
0,24,17,15,8
0,24,57
0,24,23
0,8,28
0,58
0,2,56
0,24
0,8,15
21
10,16
12,32
32
41
88
90
91
12,88
0,93
66
0,24,11,13,22
0,4,92
11,15
11,28
12,11,89
12,5,4
22,5,4
74,13
75,13
86,28
63
93
74,62,92
94
55
103,74,4
75,13,12,28
74,5,4
4,1,2,15 
1,4,22,34,0,2
4,37,0,1,2
12,13,28
2
86,24,113,1,9,0,2,67
86,24,67
13,22,114,74,11,114,12,24
13,22,114,75,24
114,84,22,34,9,0,2
22,114,0,61,21,22,18
114,12,24
22,34,24,17,114,59,8,28