26
3,1,2
1,12
9,20
8,7
7,32,1,2,22
7,32,1,2
7,32
7,21,10
7,20,32,1,2,22
7,20,32,1,2
7,20,11,40
7,20
7,10
43,7,20,3,7,26
43,7,20,3,7,21,10
43,7,20,3,12
43,7
43,2,22
4,20,21,22
4,20,11
38,1,7,20
38,1,7
38,1,2,22
38,1,2
37,7,20,11
37,7,20
37,7
37,4,20,11
37,4,1,2,22
37,4,1,2
37,33,20
37,3
37,23,26
37,20,11
37,16
37,13
37,11,11
37,11
37,1,2
37,1
36,42
36,4,20,11
36,20,11,31
36,20,11,20
36,20,11
36,11,31
36,11,26
36,11,21,26
36,11,20
36,11,11
36,11
36,11
3,37,12,22
26,6,21,8,7
26,5
26,10
26,10
24,31
23,39
22,39
21,8,2
21,4,20,11
21,37,11,13
21,31
21,24,12
21,24
21,23,9,20
21,22
21,20,11,22
21,18,2
21,17,2,9
21,17,12,9
21,16,21,16
21,16
21,16
21,13,11
21,12,9
21,12,11,20
21,12,11
21,11,22
21,11,21,31
21,11,20,3,1,4
21,11,20,13,1,4
21,11,20,13
21,11,13,21,11
21,11,13,11
21,11,13,11
21,11,13,11
21,11,13,11
21,11,13
21,11
20,33
20,14,24
20,14,22
20,14,13,21,11
20,14,13,20,11,26
20,14,13,11
20,14,13
20,14,11,20,3,1,4
20,14,11,20,13
20,14,11,13,21,11
20,14,11,13,21
20,14,11,13,21
20,14,11,13,11
20,14,11,13
20,14,11,13
20,14,11,13
20,14,11,13
20,14,11
20,14
20,11,20,13
20,11
18,2
15,1,7
14,31
14,26
14,22
14,13,21,11
14,13,20,11,26
14,13,11
14,13
14,11,31
14,11,20,3,1,4
14,11,20,13
14,11,20
14,11,13,21,11
14,11,13,11
14,11,13
14,11,11,26
14,11
13,21,11
13,20,11,26
13,20
11,37
11,26
11,20
11,13
1,7,3,37,2
1,7,3,1,2
1,7,21,10
1,7,20
1,7,10
1,7
1,41
1,40,20
1,4,3,43,4,10
1,4,2,22
1,4,2,21,31
1,4,2
1,4,2
1,4,13,4,20,31
1,36,5
1,3,7,20
1,3,1,4,2
1,3,1,2,22
1,3,1,2
1,26,5
1,22
1,21,36,5
1,21,2
1,21,16
1,21,12,11,20
1,21,12,11
1,21,12
1,21
1,20,32,1,2
1,2,31
1,2,22
1,2,18,20
1,2
1,16,13
1,16
1,12,13
1,12,11,20
1,12,11
42
39
35
33
31
24
23
22
20
17
16
15
14
13
11
10
7
3