1,2
1,7
2
1,10
1,7,3
1,4,2
18,35
1,3,1,2
1,10,30
1,7,9,2
1,7,3,1,2
1,7,3,1,4,2
1,7,16,3,1,2
1,7,16,3,1,4,2
1,7,16,3,17,33
1,7,3,16,2
1,7,3,2
1,7,16,3,2
1,7,3,11
1,3,1,4,2
1,7,9
1,7,17,9
1,8,7
1,7,16,9
18,2
1,7,16,3,15,2
1,7,16,3,18,2
1,7,16,3,17,2
1,8
1,8,2
1,9
1,13
11,9
9
17
7,3
1,3
1,7,16,3,33
1,7,16,3
1,7,16,3,11
1,7,16,3,12
1,7,16,3,17,4,2
1,7,3,17,33
1,7,17,3,1,2
1,3,9,1,2
1,3,9,2
1,7,9,1,2
1,7,3,17,3
1,7,3,17,4,2
1,7,3,33
7,3,2
7,3,1,2
11
13
7,9
7,17,9
7,16,9
7,16,3
7,16,3,1,2
7,17,3,1,2
7,17,3,1,4,2
18,7,3,1,2
18,7,3,1,4,2
18,7,3,17,33
18,7,16,3,17,1,2
18,7,16,3,17,33
18,7,17,9
18,7,17,3
18,7,9
18,9
18,7,16,9
18,8,2
18,11,9
18,7,9,2
18,7,3,2
18,7,17,3,1,2
18,7,16,3,1,2
18,7,3,18,2
18,7,16,3,18,2
1,7,9,1,4,2
8,2
12
7
8
35
8,7
18,8
18,13
8,20
18,7
11,6
11,8
1,12
15,7
1,34,30
17,1
17,7
17,2
15,3
15,2
19,7
1,2,27
1,2,32
18,8,7
18,8,20
1,2,31
3,1,2
15,12
18,17
15,17
19,17
18,7,3
18,1,2
14,1,7
14,1,2
18,7,11
18,11,8
18,1,29
1,2,31,16
18,7,1,7
18,7,1,2
18,11
1,21,1,2
11,6,1,2
11,6,1,4
15,4,1,2
18,7,16,3
1,7,21,1,2
1,17,12,6
18,7,3,11
1,7,3,18,2
11,6,1,3,2
18,16,3,1,2
1,11,21,1,2
1,21,1,2,19
18,11,21,1,7
18,11,21,1,2
18,7,17,18,2
27,6,17,8,12
4,21,1,10,26
1,4,3,15,4,9
18,11,21,15,2
18,7,17,10,29
1,7,16,21,1,2
1,7,21,1,2,19
18,7,16,3,16,2
18,11,21,1,4,2
18,7,3,1,10,30
17,21,15,10,28
18,7,21,1,10,30
18,7,16,3,1,4,2
1,7,21,17,1,2,19
1,7,16,21,1,2,19
22
36
7,16,3,1,4,2
7,18,9
1,7,18,9
1,7,17,3
7,3,1,4,2
7,16,3,18,2
7,16,3,17,4,2
7,3,17,33
7,3,17,11
7,16,3,17,33
7,3,11
7,9,2
1,8,20

